med dm twosigdown onesigdown exp onesigup twosigup
10 1 .1877000 .2454000 .3325000 .4531000 .5905000
10 10 41.0175000 54.0344000 73.6875000 101.0036000 132.2517000
10 50 1292.0786000 1715.2875000 2354.2500000 3264.5117000 4344.6045000
10 150 2881.7197000 3836.7119000 5326.5000000 7470.8975000 10095.5781000
10 500     
15 10 15.1344000 19.7874000 26.8125000 35.8969000 44.9885000
20 1 .1960000 .2562000 .3472000 .4703000 .6052000
50 1 .1655000 .2160000 .2974000 .4052000 .5319000
50 10 .1655000 .2181000 .2974000 .4100000 .5355000
50 50 46.1188000 60.9880000 83.4375000 115.0331000 151.3304000
95 50 2.6298000 3.4444000 4.7578000 6.5215000 8.4771000
100 1 .1446000 .1905000 .2644000 .3666000 .4879000
100 10 .1867000 .2460000 .3354000 .4625000 .5997000
200 1 .1753000 .2309000 .3149000 .4317000 .5611000
200 50 .1575000 .2071000 .2820000 .3843000 .5044000
200 150 20.9454000 27.7783000 38.4375000 53.6056000 72.1439000
295 150 .9937000 1.3191000 1.8105000 2.4962000 3.3308000
300 1 .1607000 .2125000 .2908000 .4032000 .5328000
300 50 .1610000 .2121000 .2893000 .3989000 .5247000
500 1 .2016000 .2666000 .3647000 .5058000 .6731000
500 150 .2235000 .2961000 .4058000 .5626000 .7488000
995 500     
1000 1 .2356000 .3086000 .4263000 .5877000 .7842000
1000 150 .2372000 .3118000 .4321000 .5958000 .7978000
1000 1000     
1995 1000 13.6437000 18.4101000 25.9688000 37.4586000 52.2136000
2000 1 .6111000 .8245000 1.1631000 1.6777000 2.3240000
2000 500 .9120000 1.2233000 1.7168000 2.4490000 3.3909000
10000 1     
10000 10     
10000 50     
10000 150     
10000 500     
